 11 5205.669649 5.127E-29 2.445E-03.07800.391 2406.14080.68-.007080          1 0 1          0 1 0  4  3  2        5  5  1      434233807294713152     9.0   11.0
 11 5205.757721 2.176E-25 1.943E+00.08260.352 2392.59250.68-.002920          0 2 1          0 1 0  7  2  6        7  2  5      464323807294713152    45.0   45.0
 11 5205.774004 2.542E-29 5.256E+00.08420.333 4259.87640.71-.010130          0 3 1          0 2 0  8  3  6        8  3  5      434233807294713152    17.0   17.0
 11 5205.862011 8.314E-30 1.850E-05.05770.281 1985.78490.57-.040000          1 1 0          0 0 0 12  2 10       11  5  7      432230807294713152    25.0   23.0
 11 5205.923404 6.666E-23 6.215E-01.06880.329 1006.11590.60-.027430          0 1 1          0 0 0  8  1  7        8  3  6      464323307294733152    51.0   51.0
 11 5206.090252 2.431E-23 3.541E-01.07560.352  816.69420.650.000150          1 1 0          0 0 0  6  4  2        7  3  5      464523307294713152    13.0   15.0
 11 5206.163258 2.611E-30 3.238E-01.08340.391 4065.13180.680.002250          2 1 0          1 0 0  5  3  3        5  2  4      432230807294713152    11.0   11.0
 11 5206.238771 1.236E-21 5.300E+00.06820.273  756.72480.59-.009530          0 1 1          0 0 0  5  4  2        6  4  3      464423307294733152    33.0   39.0
 11 5206.311311 1.039E-20 9.898E+00.06900.371  447.25240.62-.001000          0 1 1          0 0 0  5  1  5        6  1  6      566520307277713138    33.0   39.0
 11 5206.515402 7.480E-21 8.679E+00.08600.427  446.51070.75-.002520          0 1 1          0 0 0  4  2  2        5  2  3      568321307282663134    27.0   33.0
 11 5206.517825 2.288E-29 8.291E-05.05760.235 2327.91400.620.014610          0 3 0          0 0 0 13  5  8       14  2 13      484233803360713049    81.0   87.0
 11 5206.618507 1.812E-25 3.290E-01.08970.412 1908.01640.710.000460          1 2 0          0 1 0  3  3  0        4  2  3      464223307294713152    21.0   27.0
 11 5206.683981 2.488E-27 1.388E-02.08830.412 2005.91690.71-.011070          1 2 0          0 1 0  5  2  4        4  3  1      434223807294713152    11.0    9.0
 11 5206.714791 5.181E-30 4.957E-02.08440.391 3722.73100.71-.005560          1 3 0          0 2 0  4  4  1        5  3  2      432230807294713152    27.0   33.0
 11 5206.962841 1.582E-30 1.329E+00.04600.315 4817.73580.40-.031560          2 1 0          0 0 1 10  2  9        9  2  8      432230807294713152    63.0   57.0
 11 5207.053011 4.873E-30 4.627E-09.08330.391  446.51070.690.000000          0 1 1          0 0 0  5  1  5        5  2  3     q5222308079917122 0    33.0   33.0
 11 5207.116941 1.980E-27 1.055E+01.10320.456 3255.34600.75-.006870          0 3 1          0 2 0  2  1  2        2  1  1      434223807294713152     5.0    5.0
 11 5207.201174 1.232E-25 5.501E-04.08840.371  602.77350.71-.006430          1 1 0          0 0 0  7  1  7        6  2  4      464823307294713152    15.0   13.0
 11 5207.283845 2.075E-30 5.509E-05.08870.371 2552.85720.72-.017660          0 0 2          0 1 0  5  0  5        6  5  2      732230807294713152    33.0   39.0
 11 5207.287646 1.560E-28 2.481E-03.07990.391 2406.14300.70-.006430          1 0 1          0 1 0  4  3  1        5  5  0      734233807294713152    27.0   33.0
 11 5207.489082 1.299E-28 8.173E-06.06160.315 1216.23130.56-.017230          0 1 1          0 0 0 10  1 10        9  3  7      434233807294713152    21.0   19.0
 11 5207.606458 5.055E-30 1.217E+00.07750.371 4491.36970.67-.012640          2 1 0          0 0 1  7  4  3        6  4  2      432230807294713152    45.0   39.0
 11 5207.611924 6.188E-25 1.650E-01.05590.298 1718.71880.53-.018140          1 1 0          0 0 0  9  6  3       10  5  6      464423807294713152    57.0   63.0
 11 5207.868489 4.191E-30 9.476E-03.02780.333 3530.95750.31-.024350          0 0 2          0 1 0  7  7  0        8  8  1      432230807294713152    45.0   51.0
 11 5207.868589 1.397E-30 9.476E-03.02780.333 3530.95750.31-.024350          0 0 2          0 1 0  7  7  1        8  8  0      432230807294713152    15.0   17.0
 11 5208.041340 4.052E-29 9.851E-02.09160.412 3482.06450.71-.010480          1 3 0          0 2 0  5  1  4        4  2  3      434243807294713152    33.0   27.0
 11 5208.053646 1.009E-30 7.747E+00.09990.434 4820.76260.74-.002210          0 4 1          0 3 0  3  1  2        3  1  3      332230807294713152     7.0    7.0
 11 5208.117403 8.676E-22 1.382E+00.08670.411  552.91140.710.002560          1 1 0          0 0 0  5  3  2        6  2  5      465421307294733152    33.0   39.0
 11 5208.464450 3.127E-24 1.828E-01.07790.333 1131.77560.70-.015410          1 1 0          0 0 0  7  5  3        8  4  4      464323807294713152    15.0   17.0
 11 5208.627868 1.302E-28 7.280E-03.06950.315 2818.39800.650.007640          0 4 0          0 1 0  9  5  4        9  2  7      434233807294713152    57.0   57.0
 11 5208.632522 2.634E-30 4.216E-05.09530.412 2129.61850.74-.018140          2 0 0          0 1 0  3  1  3        4  4  0      732230807294713152     7.0    9.0
 11 5208.646738 9.376E-28 1.008E-02.04700.235 2551.48350.540.009040          0 3 0          0 0 0 13  6  7       14  3 12      374223803360713049    81.0   87.0
 11 5208.827962 1.052E-20 9.719E+00.08660.461  399.45750.73-.006450          0 1 1          0 0 0  4  1  3        5  1  4      566420307282663134    27.0   33.0
 11 5208.830249 1.337E-22 1.520E-01.10620.456   95.17590.76-.012330          1 1 0          0 0 0  2  0  2        2  1  1      464223307294713152     5.0    5.0
 11 5209.033879 1.453E-29 1.329E-03.06630.333 2919.63290.60-.020420          0 2 1          0 1 0  9  3  7        8  5  4      434233807294713152    57.0   51.0
 11 5209.100405 1.012E-29 2.888E-08.07810.371  446.69660.670.000000          1 1 0          0 0 0  5  2  4        6  0  6     q4222308079917122 0    11.0   13.0
 11 5209.214290 7.841E-24 1.296E+01.09730.434 1819.33510.74-.004360          0 2 1          0 1 0  2  2  0        3  2  1      464723307294713152    15.0   21.0
 11 5209.266180 2.152E-23 2.326E+01.10260.434 1731.89670.76-.009250          0 2 1          0 1 0  2  0  2        3  0  3      464723307294713152    15.0   21.0
 11 5209.268290 4.950E-26 1.002E-01.10520.480 1634.96700.76-.007550          1 2 0          0 1 0  2  0  2        1  1  1      464223807294713152     5.0    3.0
 11 5209.332886 8.699E-26 2.177E-03.07570.333  982.91170.690.005330          0 3 0          0 0 0  8  5  3        8  2  6      474323803360713049    17.0   17.0
 11 5209.360711 3.483E-30 4.459E-08.06000.298 1114.54990.570.000000          1 1 0          0 0 0 10  1 10       10  1 10     q4322308079917122 0    63.0   63.0
 11 5209.369317 4.992E-29 5.086E-04.09050.412 2129.61850.73-.006460          0 2 1          0 1 0  5  2  3        4  4  0      434233807294713152    11.0    9.0
 11 5209.571168 2.513E-28 1.983E-03.08340.352 2392.59250.69-.003740          0 2 1          0 1 0  8  0  8        7  2  5      434233807294713152    51.0   45.0
 11 5209.667321 2.684E-30 4.604E-02.07680.250 4052.81090.720.020000          0 2 1          0 1 0 12  5  7       13  3 10      432230807294713152    75.0   81.0
 11 5209.798079 5.679E-28 1.561E-04.07020.298 1538.14950.63-.005550          1 1 0          0 0 0 11  2 10       10  3  7      434223807294713152    23.0   21.0
 11 5209.954032 9.427E-26 2.040E-03.06850.315 1201.92150.640.006110          0 3 0          0 0 0  9  5  4        9  2  7      434223303360713049    57.0   57.0
 11 5209.958150 1.731E-30 4.897E-02.08140.391 3719.49280.69-.004960          1 3 0          0 2 0  4  4  0        5  3  3      332230807294713152     9.0   11.0
 11 5210.161412 1.118E-28 1.827E-03.03840.250 2426.19650.40-.023180          0 1 1          0 0 0 14  2 13       13  4 10      434233807294713152    29.0   27.0
 11 5210.369514 1.924E-26 1.365E-03.06020.298 1446.12830.610.001870          0 3 0          0 0 0  9  6  3       10  3  8      454323803360713049    57.0   63.0
 11 5210.765004 4.438E-28 5.801E+00.09760.456 3734.89690.74-.000530          1 1 1          1 0 0  3  1  3        2  1  2      434223807294713152    21.0   15.0
 11 5210.977703 2.004E-29 9.775E-03.06310.298 3058.39840.610.009220          0 4 0          0 1 0 10  5  5       10  2  8      334233807294713152    21.0   21.0
 11 5210.989396 5.224E-30 1.855E-01.07340.265 3959.25340.65-.017360          1 0 1          0 1 0 11  5  6       12  5  7      432230807294713152    23.0   25.0
 11 5211.119343 5.844E-29 1.401E-01.09060.391 3478.98640.71-.005360          1 3 0          0 2 0  5  1  4        5  0  5      434243807294713152    33.0   33.0
 11 5211.282312 2.422E-30 6.636E-02.08980.456 3887.11420.72-.000700          1 1 1          0 0 1  3  3  1        2  2  0      432230807294713152    21.0   15.0
 11 5211.307288 1.593E-25 1.020E-04.08480.391  399.45750.710.005390          0 3 0          0 0 0  6  4  3        5  1  4      454423803360713049    39.0   33.0
 11 5211.711215 2.164E-30 1.584E-04.07860.352 2569.50790.66-.031520          1 0 1          0 1 0  6  2  5        7  4  4      732230807294713152    13.0   15.0
 11 5211.795776 9.781E-26 2.293E-01.10580.456 1664.96450.760.006710          1 2 0          0 1 0  2  1  1        2  0  2      464423807294713152     5.0    5.0
 11 5211.836812 6.437E-30 2.935E-08.07810.371  542.90580.670.000000          1 1 0          0 0 0  5  3  3        6  1  5     q4222308079917122 0    11.0   13.0
 11 5212.122654 1.216E-30 4.574E+00.07550.281 5144.40950.68-.019530          0 3 1          0 2 0 11  4  8       11  4  7      332230807294713152    69.0   69.0
 11 5212.210545 2.453E-29 2.447E+00.09990.434 3926.86220.74-.004760          0 1 2          0 0 1  3  1  3        3  1  2      434233807294713152     7.0    7.0
 11 5212.234043 4.145E-30 2.701E+01.10230.480 4717.47410.75-.001210          0 4 1          0 3 0  2  1  2        1  1  1      332230807294713152     5.0    3.0
 11 5212.268204 3.132E-30 9.870E+00.03020.352 5020.02620.34-.014170          1 1 1          1 0 0  7  7  1        7  7  0      432230807294713152    45.0   45.0
 11 5212.268206 1.044E-30 9.870E+00.03020.352 5020.02620.34-.014160          1 1 1          1 0 0  7  7  0        7  7  1      432230807294713152    15.0   15.0
 11 5212.325410 1.330E-24 5.351E-02.08400.315 1080.38540.700.002000          1 1 0          0 0 0  8  3  5        9  2  8      464621307277713138    17.0   19.0
 11 5212.412603 4.521E-29 3.667E-04.07930.371 2146.26360.680.005610          0 4 0          0 1 0  7  4  4        6  1  5      434233807294713152    15.0   13.0
 11 5212.488150 1.005E-30 9.145E-02.07850.371 4290.75700.650.005860          1 1 1          0 0 1  7  2  6        6  1  5      432230807294713152    45.0   39.0
 11 5212.494692 7.386E-29 4.700E-03.07560.333 2595.81280.690.005830          0 4 0          0 1 0  8  5  3        8  2  6      434233807294713152    17.0   17.0
 11 5212.501591 1.096E-28 3.192E-02.06990.221 3244.60070.670.020000          0 1 1          0 0 0 14  6  8       15  4 11      434233807294713152    87.0   93.0
 11 5212.527728 3.103E-26 2.523E-02.09990.456 1742.30560.75-.008030          1 2 0          0 1 0  3  1  2        2  2  1      464623807294713152    21.0   15.0
 11 5212.574547 1.178E-30 8.869E-06.09200.391 2251.86240.72-.025880          1 0 1          0 1 0  4  0  4        5  4  1      432230807294713152    27.0   33.0
 11 5212.592463 1.869E-29 4.458E-08.09400.434  142.27850.730.000000          0 1 1          0 0 0  1  0  1        3  1  3     q5222308079917122 0     3.0    7.0
 11 5212.665933 8.974E-30 7.178E-02.03180.235 3685.41880.36-.024600          1 1 0          0 0 0 13 10  4       14  9  5      332230807294713152    27.0   29.0
 11 5212.678012 2.692E-29 7.177E-02.03170.235 3685.40690.36-.024580          1 1 0          0 0 0 13 10  3       14  9  6      434233807294713152    81.0   87.0
 11 5212.772692 2.777E-29 1.044E-05.05970.333 1789.04280.660.000080          0 1 1          0 0 0  9  6  4        8  8  1      434233807294713152    57.0   51.0
 11 5212.772971 1.389E-30 1.219E-03.06270.281 3441.03950.580.000490          0 2 1          0 1 0 12  1 11       11  3  8      432230807294713152    75.0   69.0
 11 5212.901707 9.292E-30 1.048E-05.05990.333 1789.04280.660.000180          0 1 1          0 0 0  9  6  3        8  8  0      432230807294713152    19.0   17.0
 11 5212.918417 1.901E-29 3.624E+01.10610.480 4690.57990.760.002760          0 4 1          0 3 0  2  0  2        1  0  1      334233807294713152    15.0    9.0
 11 5212.971928 1.414E-27 1.129E-02.04840.250 2248.06450.540.003750          0 3 0          0 0 0 12  6  6       13  3 11      464223803360713049    25.0   27.0
 11 5212.982137 1.796E-28 1.982E-03.07170.391 2406.14300.66-.002260          1 2 0          0 1 0  6  4  3        5  5  0      434253807294713152    39.0   33.0
 11 5213.157521 1.020E-30 7.258E+00.03450.333 5213.26930.35-.012130          1 1 1          1 0 0  8  7  1        8  7  2      332230807294713152    51.0   51.0
 11 5213.281717 2.002E-30 1.380E+00.05620.371 4677.87630.56-.007630          0 1 2          1 0 0  6  5  2        6  6  1      332230807294713152    39.0   39.0
 11 5213.467332 6.190E-29 2.050E-03.07380.391 2406.14080.68-.001110          1 2 0          0 1 0  6  4  2        5  5  1      434253807294713152    13.0   11.0
 11 5213.562533 2.674E-24 1.293E+01.08900.434 1813.78760.72-.009000          0 2 1          0 1 0  2  2  1        3  2  2      465520307277713138     5.0    7.0
 11 5213.595202 1.178E-28 1.998E-02.08320.333 2771.69000.72-.021750          2 0 0          0 1 0  7  3  5        8  4  4      734253807294713152    15.0   17.0
 11 5213.624720 4.208E-29 3.002E-02.06990.281 3136.41250.63-.006660          1 2 0          0 1 0 10  3  7       11  2 10      434233807294713152    21.0   23.0
 11 5213.673646 5.047E-29 5.243E-03.08680.333 2670.78960.72-.015570          2 0 0          0 1 0  7  2  6        8  3  5      434223807294713152    15.0   17.0
 11 5213.800838 1.115E-30 8.154E-03.03430.250 3877.08860.30-.019710          2 0 0          0 1 0 12  3 10       13  2 11      432230807294713152    75.0   81.0
 11 5213.838560 1.165E-30 7.441E-02.07470.352 4188.39430.68-.013840          1 3 0          0 2 0  6  5  2        7  4  3      432230807294713152    39.0   45.0
 11 5213.903665 1.688E-28 4.683E-03.06440.371 2399.16540.61-.006010          0 4 0          0 1 0  7  5  3        6  4  2      434233807294713152    15.0   13.0
 11 5213.930594 1.746E-29 1.889E-01.04990.265 3940.51940.45-.019910          1 0 1          0 1 0 11  5  7       12  5  8      434233807294713152    69.0   75.0
 11 5214.020325 1.655E-28 6.221E+00.10180.456 3725.94200.750.002910          1 1 1          1 0 0  3  0  3        2  0  2      434233807294713152     7.0    5.0
 11 5214.203998 3.947E-30 2.713E-01.07680.391 3977.45640.61-.004320          2 1 0          1 0 0  6  0  6        5  1  5      432230807294713152    13.0   11.0
 11 5214.343300 1.188E-30 1.614E+00.05690.352 4846.77590.54-.015460          0 1 2          1 0 0  7  5  2        7  6  1      332230807294713152    45.0   45.0
 11 5214.433540 2.414E-25 8.627E-04.07980.352  782.40980.710.003650          0 3 0          0 0 0  7  5  2        7  2  5      464623803360713049    45.0   45.0
 11 5214.485546 5.654E-28 6.290E-03.08500.352 2462.87520.72-.012190          1 2 0          0 1 0  8  2  7        7  3  4      434223807294713152    51.0   45.0
 11 5214.552379 8.121E-30 4.476E-08.06460.315  920.16840.600.000000          1 1 0          0 0 0  9  0  9        9  0  9     q4322308079917122 0    57.0   57.0
 11 5214.637738 2.704E-30 4.472E-08.06460.315  920.21000.600.000000          1 1 0          0 0 0  9  1  9        9  1  9     q4322308079917122 0    19.0   19.0
 11 5214.863019 8.136E-30 5.484E-01.07850.371 4199.39090.650.003720          2 1 0          1 0 0  6  3  4        6  2  5      432230807294713152    39.0   39.0
 11 5214.997806 1.405E-30 1.428E+00.09110.352 4586.68320.74-.014530          2 1 0          0 0 1  8  3  5        7  3  4      332230807294713152    17.0   15.0
 11 5214.997929 4.314E-28 3.976E-03.06050.371 2398.38140.57-.004510          0 4 0          0 1 0  7  5  2        6  4  3      434223807294713152    45.0   39.0
 11 5215.071572 2.102E-24 7.350E-01.06210.281 1813.22340.560.006770          0 1 1          0 0 0 11  3  9       11  3  8      465520307294713152    69.0   69.0
 11 5215.128492 3.017E-28 3.521E-01.09530.434 3289.24250.730.002760          1 3 0          0 2 0  4  1  4        3  0  3      434223807294713152    27.0   21.0
 11 5215.190800 2.330E-28 3.487E-01.08710.412 3381.70420.69-.003360          1 3 0          0 2 0  5  0  5        4  1  4      434233807294713152    33.0   27.0
 11 5215.235807 1.951E-30 5.437E-01.06950.371 4491.36970.63-.014750          1 1 1          0 0 1  6  5  1        6  4  2      432230807294713152    39.0   39.0
 11 5215.290609 1.125E-24 2.011E-03.05880.391  610.34120.56-.005220          0 3 0          0 0 0  6  5  2        5  4  1      444623803360713049    39.0   33.0
 11 5215.308745 1.653E-28 1.001E-03.07080.333 2337.66670.640.001540          0 4 0          0 1 0  8  4  5        8  1  8      534233807294713152    51.0   51.0
 11 5215.534044 3.716E-25 1.990E-03.05720.391  610.11440.54-.004610          0 3 0          0 0 0  6  5  1        5  4  2      444523803360713049    13.0   11.0
 11 5215.605060 6.264E-24 2.113E+01.09800.434 1739.48370.74-.006690          0 2 1          0 1 0  2  1  2        3  1  3      464823307294713152     5.0    7.0
 11 5215.666669 1.214E-29 2.854E+00.09220.391 4195.97090.73-.006990          0 1 2          0 0 1  5  2  4        5  2  3      334233807294713152    11.0   11.0
 11 5215.778004 3.865E-23 3.142E-01.08320.398  661.54890.72-.005350          1 1 0          0 0 0  5  4  2        6  3  3      466520307267623136    11.0   13.0
 11 5215.952036 7.182E-30 4.774E-02.08940.391 3722.73100.72-.013370          0 3 1          0 2 0  6  1  5        5  3  2      432230807294713152    39.0   33.0
 11 5216.015488 7.085E-30 4.754E-09.09400.434  212.15640.730.000000          0 1 1          0 0 0  2  1  1        3  2  1     q5222308079917122 0    15.0   21.0
 11 5216.027475 3.482E-22 1.706E-01.10000.456   42.37170.77-.010000          1 1 0          0 0 0  1  0  1        1  1  0      468520307277733138     9.0    9.0
 11 5216.059952 2.395E-27 2.658E-02.08810.352 2181.08980.71-.002130          1 2 0          0 1 0  6  2  4        7  1  7      434223807294713152    13.0   15.0
 11 5216.076858 1.321E-29 2.985E-04.09270.391 2251.69520.73-.018430          2 0 0          0 1 0  4  1  3        5  4  2      434253807294713152     9.0   11.0
 11 5216.315523 4.827E-29 3.120E-08.08330.391  325.34790.690.000000          1 1 0          0 0 0  4  2  3        5  0  5     q4322308079917122 0    27.0   33.0
 11 5216.332756 1.429E-29 3.259E-01.07760.391 3976.30810.620.000020          2 1 0          1 0 0  6  1  6        5  0  5      434233807294713152    39.0   33.0
 11 5216.657653 1.046E-30 3.903E+01.06730.391 5464.33230.58-.010250          0 4 1          0 3 0  5  4  2        5  4  1      332230807294713152    33.0   33.0
 11 5216.832272 1.699E-29 1.196E-01.04990.281 3833.14430.50-.023780          1 2 0          0 1 0 10  7  4       11  6  5      434233807294713152    63.0   69.0
 11 5217.035565 4.975E-29 2.010E-02.07910.298 3224.54650.69-.010070          2 0 0          0 1 0  9  3  6       10  4  7      734223807294713152    57.0   63.0
 11 5217.182934 1.403E-21 4.232E+00.08600.410  416.20870.68-.004680          0 1 1          0 0 0  4  2  3        5  2  4      465520307294733152     9.0   11.0
 11 5217.347260 4.845E-27 1.402E-02.08710.391 2130.49420.71-.011260          1 2 0          0 1 0  6  2  5        5  3  2      434223807294713152    39.0   33.0
 11 5217.373282 2.358E-30 5.941E+01.06450.412 5342.18720.58-.007440          0 4 1          0 3 0  4  4  0        4  4  1      332230807294713152    27.0   27.0
 11 5217.469023 1.264E-30 1.571E-01.08890.371 4290.75700.720.005110          0 1 2          0 0 1  5  3  2        6  1  5      332230807294713152    33.0   39.0
 11 5217.629170 9.069E-24 1.697E-01.06650.333 1122.70850.60-.011530          1 1 0          0 0 0  7  5  2        8  4  5      464423307294713152    45.0   51.0
 11 5217.662262 7.087E-27 1.315E-03.06230.298 1437.96860.600.007840          0 3 0          0 0 0 10  5  5       10  2  8      464223803360713049    21.0   21.0
 11 5217.667418 1.143E-22 2.804E+00.05800.246  888.63270.57-.019300          0 1 1          0 0 0  5  5  0        6  5  1      464323807294733152    11.0   13.0
 11 5217.698009 3.428E-22 2.803E+00.05400.243  888.59880.56-.018000          0 1 1          0 0 0  5  5  1        6  5  2      466420307277733138    33.0   39.0
 11 5217.722812 1.904E-30 9.000E-02.05810.391 4050.51250.54-.013050          2 1 0          0 2 0  4  4  1        5  5  0      432230807294713152    27.0   33.0
 11 5217.732006 5.711E-30 1.201E-01.04810.281 3832.25170.48-.020760          1 2 0          0 1 0 10  7  3       11  6  6      432230807294713152    21.0   23.0
 11 5218.162688 4.020E-22 5.440E-01.07860.392  552.91140.64-.014640          0 1 1          0 0 0  6  0  6        6  2  5      466421307294733152    39.0   39.0
 11 5218.295104 4.542E-23 5.761E-01.07940.352  816.69420.68-.024530          0 1 1          0 0 0  7  1  6        7  3  5      464423307294713152    15.0   15.0
 11 5218.589857 1.209E-30 1.810E+00.05720.221 5015.70420.53-.015980          0 2 1          0 1 0 15  5 11       15  5 10      332230807294713152    93.0   93.0
 11 5218.592723 1.811E-29 2.236E-01.08390.352 3879.33610.69-.001710          1 3 0          0 2 0  7  2  5        7  1  6      434223807294713152    45.0   45.0
 11 5218.669846 1.115E-27 1.068E+01.09440.412 3495.93920.73-.006530          0 3 1          0 2 0  4  2  3        4  2  2      434223807294713152     9.0    9.0
 11 5218.689247 3.814E-30 2.011E-01.10240.456 3725.94200.750.011450          1 1 1          1 0 0  2  2  1        2  0  2      432230807294713152     5.0    5.0
 11 5218.707015 1.011E-22 2.347E-01.10610.456  136.16390.77-.022080          0 1 1          0 0 0  1  0  1        2  2  0      564423307294713152     3.0    5.0
 11 5218.723149 2.335E-30 3.786E-01.06810.391 4345.27190.64-.015720          1 1 1          0 0 1  5  5  1        5  4  2      432230807294713152    33.0   33.0
 11 5218.752507 1.829E-27 1.329E-01.03980.250 2927.94120.40-.025670          1 1 0          0 0 0 12  8  5       13  7  6      434223807294713152    75.0   81.0
 11 5218.758612 4.039E-21 6.374E+00.07700.386  508.81210.71-.004000          0 1 1          0 0 0  4  3  1        5  3  2      566520307277733138    27.0   33.0
 11 5219.018630 1.217E-27 1.465E-02.03680.281 2522.26510.48-.005780          0 3 0          0 0 0 10  9  2       11  8  3      474223803360713049    63.0   69.0
 11 5219.020846 2.649E-30 1.575E+00.07650.333 4725.06220.64-.015100          2 1 0          0 0 1  9  2  7        8  2  6      432230807294713152    57.0   51.0
 11 5219.022475 4.058E-28 1.466E-02.03680.281 2522.26130.48-.005780          0 3 0          0 0 0 10  9  1       11  8  4      474223803360713049    21.0   23.0
 11 5219.033802 2.704E-29 4.433E-02.09910.456 3237.91730.740.005230          1 3 0          0 2 0  2  2  1        2  1  2      434243807294713152    15.0   15.0
 11 5219.194003 5.685E-30 4.472E-08.06860.333  744.06370.620.000000          1 1 0          0 0 0  8  0  8        8  0  8     q4322308079917122 0    17.0   17.0
 11 5219.270538 1.370E-26 3.142E+01.10590.480 3201.91340.76-.006930          0 3 1          0 2 0  1  1  1        1  1  0      464223807294713152     9.0    9.0
 11 5219.294086 2.082E-29 8.834E-01.09930.456 3750.46450.740.000950          2 1 0          1 0 0  3  2  2        2  1  1      434223807294713152     7.0    5.0
 11 5219.356570 1.708E-29 4.480E-08.06860.333  744.16270.620.000000          1 1 0          0 0 0  8  1  8        8  1  8     q4322308079917122 0    51.0   51.0
 11 5219.624353 6.112E-28 1.327E-01.03900.250 2927.07520.39-.023950          1 1 0          0 0 0 12  8  4       13  7  7      334223807294713152    25.0   27.0
 11 5219.880776 8.573E-30 3.542E-08.07340.352  782.40980.650.000000          0 1 1          0 0 0  6  3  3        7  2  5     q4322308079917122 0    39.0   45.0
 11 5220.307412 8.457E-27 6.605E-04.06470.315 1216.23130.640.002110          0 3 0          0 0 0  8  6  2        9  3  7      454323803360713049    17.0   19.0
 11 5220.379642 2.298E-29 1.191E-02.05880.281 3314.85560.590.012300          0 4 0          0 1 0 11  5  6       11  2  9      434233807294713152    69.0   69.0
 11 5220.396348 1.457E-28 1.112E-04.08850.412 1821.59670.720.005050          0 4 0          0 1 0  5  4  1        4  1  4      434233807294713152    33.0   27.0
 11 5220.421152 6.675E-28 1.053E-02.08640.371 2282.58950.72-.012290          1 2 0          0 1 0  7  2  6        6  3  3      434223807294713152    15.0   13.0
 11 5220.449946 3.412E-28 6.349E-05.06640.352 1394.81420.67-.001040          0 1 1          0 0 0  8  5  4        7  7  1      434223807294713152    17.0   15.0
 11 5220.636546 1.098E-28 2.051E+00.06630.265 3843.41040.59-.013590          0 2 1          0 1 0 12  4  9       12  4  8      434233807294713152    25.0   25.0
 11 5220.644319 8.567E-29 2.932E+01.10680.480 3779.49310.75-.004890          0 1 2          0 0 1  0  0  0        1  0  1      334233807294713152     1.0    3.0
 11 5220.663410 1.784E-27 9.327E-03.07720.391 2251.86240.65-.009990          1 2 0          0 1 0  6  3  4        5  4  1      434223807294713152    39.0   33.0
 11 5220.663453 4.323E-28 1.302E-01.06250.315 3141.04590.60-.022150          1 2 0          0 1 0  8  6  3        9  5  4      434223807294713152    51.0   57.0
 11 5220.738854 3.274E-30 8.825E-04.08260.315 3141.04590.75-.032740          2 0 0          0 1 0  9  2  7        9  5  4      432230807294713152    57.0   57.0
 11 5220.786850 2.601E-28 2.336E-03.08030.352 2392.59250.700.003510          0 4 0          0 1 0  7  5  2        7  2  5      434233807294713152    45.0   45.0
 11 5220.887318 1.725E-30 6.927E-09.08330.391  742.07630.690.000000          0 1 1          0 0 0  5  4  2        5  5  0     q4222308079917122 0    33.0   33.0
 11 5221.091852 2.327E-23 4.781E-02.09180.462  285.21930.74-.009350          0 1 1          0 0 0  3  1  2        3  3  1      568521307282623134     7.0    7.0
 11 5221.099227 7.447E-29 6.971E-01.05100.208 3758.39680.480.000320          0 1 1          0 0 0 16  5 12       16  5 11      434233807294713152    33.0   33.0
 11 5221.154819 1.035E-27 6.421E-05.06750.352 1394.81420.68-.000050          0 1 1          0 0 0  8  5  3        7  7  0      434223807294713152    51.0   45.0
 11 5221.252287 5.238E-25 1.905E+00.09610.412 1875.46970.73-.003150          0 2 1          0 1 0  4  1  4        4  1  3      464623307294713152     9.0    9.0
 11 5221.609197 2.826E-30 1.620E-01.04000.250 4074.03860.35-.019430          1 0 1          0 1 0 12  4  9       13  4 10      432230807294713152    25.0   27.0
 11 5221.787939 1.295E-27 2.547E-05.06760.315 1201.92150.600.000280          0 1 1          0 0 0 10  0 10        9  2  7      434223807294713152    63.0   57.0
 11 5221.799649 1.464E-28 2.875E-01.03880.315 3526.62740.40-.028920          1 0 1          0 1 0  8  7  1        9  7  2      434233807294713152    51.0   57.0
 11 5221.804365 4.882E-29 2.876E-01.03870.315 3526.62480.40-.029000          1 0 1          0 1 0  8  7  2        9  7  3      334233807294713152    17.0   19.0
 11 5222.076042 3.624E-28 1.876E-03.04500.250 2414.72340.46-.001350          0 1 1          0 0 0 14  1 13       13  3 10      434223807294713152    87.0   81.0
 11 5222.249821 1.452E-28 1.303E-01.05850.315 3139.47570.56-.017770          1 2 0          0 1 0  8  6  2        9  5  5      434233807294713152    17.0   19.0
 11 5222.286698 1.374E-21 6.362E+00.08060.350  503.96810.66-.004800          0 1 1          0 0 0  4  3  2        5  3  3      466520307294733152     9.0   11.0
 11 5222.647892 2.332E-29 4.029E-01.09710.434 3791.37210.730.007260          1 1 1          1 0 0  3  2  2        3  0  3      434233807294713152    21.0   21.0
 11 5222.874983 5.797E-26 3.005E-04.08320.371  602.77350.720.001700          0 3 0          0 0 0  6  5  1        6  2  4      464323803360713049    13.0   13.0
 11 5222.929315 3.885E-27 9.644E-02.07470.352 2572.13910.68-.013840          1 2 0          0 1 0  6  5  2        7  4  3      734223807294713152    39.0   45.0
 11 5222.936685 2.175E-25 1.688E-01.10130.434 1731.89660.750.001350          1 2 0          0 1 0  3  1  2        3  0  3      464323807294713152    21.0   21.0
 11 5223.126681 2.563E-30 2.961E+00.08600.352 4586.68320.72-.010100          0 1 2          0 0 1  7  3  5        7  3  4      332230807294713152    15.0   15.0
 11 5223.133400 1.660E-30 4.608E-03.07350.281 3659.90400.70-.040000          1 0 1          0 1 0 11  3  9       11  5  6      432230807294713152    69.0   69.0
 11 5223.210966 2.637E-28 7.580E+00.08600.352 4052.83700.72-.010100          0 3 1          0 2 0  7  3  5        7  3  4      434233807294713152    45.0   45.0
 11 5223.369915 3.298E-29 4.558E-08.07340.352  586.24350.650.000000          1 1 0          0 0 0  7  0  7        7  0  7     q4322308079917122 0    45.0   45.0
 11 5223.472273 1.137E-22 2.713E-01.09320.332  315.77950.73-.002560          1 1 0          0 0 0  3  3  1        4  2  2      464323307294733152     7.0    9.0
 11 5223.495453 1.080E-29 4.483E-08.07340.352  586.47920.650.000000          1 1 0          0 0 0  7  1  7        7  1  7     q4322308079917122 0    15.0   15.0
 11 5223.521719 1.448E-21 4.378E+00.07800.407  416.20870.70-.001000          1 1 0          0 0 0  4  3  1        5  2  4      467520307277733138     9.0   11.0
 11 5223.527118 8.280E-30 6.750E-01.09060.391 3977.45640.71-.006310          1 1 1          1 0 0  5  1  4        5  1  5      432230807294713152    11.0   11.0
 11 5223.564647 7.617E-26 2.125E-01.10440.504 1594.74630.750.009790          1 2 0          0 1 0  1  1  1        0  0  0      464223307294713152     3.0    1.0
 11 5223.600831 1.697E-26 7.112E-02.08440.391 2130.49420.71-.005560          1 2 0          0 1 0  4  4  1        5  3  2      464223807294713152    27.0   33.0
 11 5223.693277 3.234E-30 5.753E-07.06710.281 1690.66440.68-.000510          0 0 1          0 0 0 12 10  2       11  2  9      432230807260713049    75.0   69.0
 11 5223.737703 1.526E-30 2.637E-02.04740.298 3770.72440.46-.018530          0 0 2          0 1 0  9  6  4       10  7  3      432230807294713152    19.0   21.0
 11 5223.970558 1.363E-30 1.422E-04.08100.333 2670.78960.73-.001630          0 4 0          0 1 0  7  6  2        8  3  5      332230807294713152    15.0   17.0
 11 5223.977615 4.471E-30 2.575E-02.04780.298 3770.71130.47-.017980          0 0 2          0 1 0  9  6  3       10  7  4      432230807294713152    57.0   63.0
 11 5223.996429 2.628E-26 2.248E+00.07750.315 2904.67030.66-.009220          0 2 1          0 1 0  9  3  7        9  3  6      464323807294713152    57.0   57.0
 11 5224.211269 4.750E-29 4.456E-05.06740.250 1806.67150.660.007580          0 3 0          0 0 0 12  4  8       13  1 13      484243803360713049    25.0   27.0
 11 5224.244560 6.604E-26 1.267E-01.04990.281 2144.04630.50-.023780          1 1 0          0 0 0 10  7  4       11  6  5      564423807294713152    63.0   69.0
 11 5224.443720 1.408E-29 5.443E-04.04120.265 2813.51210.48-.007790          0 3 0          0 0 0 13  7  6       12  8  5      484233803360713049    81.0   75.0
 11 5224.833632 1.765E-29 1.244E-03.02940.235 2739.42860.260.002590          0 3 0          0 0 0 15  4 12       14  3 11      484233803360713049    31.0   29.0
 11 5224.961946 2.104E-29 1.034E-01.03140.221 3824.99780.30-.022390          1 1 0          0 0 0 14  9  6       15  8  7      434233807294713152    87.0   93.0
 11 5225.036128 2.823E-29 4.063E-03.04610.221 2872.58050.540.013650          0 3 0          0 0 0 14  6  8       15  3 13      384233803360713049    29.0   31.0
 11 5225.226611 1.651E-30 2.022E-01.08180.315 4399.54210.690.005100          1 3 0          0 2 0  9  3  6        9  2  7      332230807294713152    57.0   57.0
 11 5225.323347 1.558E-20 1.010E+01.08960.391  325.34790.70-.009360          0 1 1          0 0 0  4  0  4        5  0  5      566422307294713152    27.0   33.0
 11 5225.325631 2.146E-28 3.664E+00.09370.456 3788.69440.72-.003580          1 1 1          1 0 0  3  2  2        2  2  1      434233807294713152    21.0   15.0
 11 5225.464059 7.024E-30 1.033E-01.03120.221 3824.49940.30-.021590          1 1 0          0 0 0 14  9  5       15  8  8      332230807294713152    29.0   31.0
 11 5225.530214 1.156E-29 2.600E+01.10670.480 4723.54500.76-.002050          0 4 1          0 3 0  2  1  1        1  1  0      334233807294713152    15.0    9.0
 11 5225.590760 1.317E-27 9.693E-02.06910.352 2569.50790.62-.010850          1 2 0          0 1 0  6  5  1        7  4  4      434223807294713152    13.0   15.0
 11 5225.700178 2.574E-30 4.121E-09.09400.434  285.21930.730.000000          1 1 0          0 0 0  4  1  3        3  3  1     q4222308079917122 0     9.0    7.0
 11 5225.704855 2.209E-26 1.264E-01.04810.281 2142.59770.48-.020760          1 1 0          0 0 0 10  7  3       11  6  6      464223807294713152    21.0   23.0
 11 5225.767633 2.127E-22 4.605E-01.08650.415  648.97870.71-.017550          0 1 1          0 0 0  6  1  5        6  3  4      464423307294733152    39.0   39.0
 11 5225.768592 1.713E-22 1.467E-01.09370.412  382.51690.73-.013510          0 1 1          0 0 0  4  1  3        4  3  2      564223307294713152    27.0   27.0
 11 5225.829217 3.884E-29 1.108E-04.03910.315 2225.46910.570.002290          0 3 0          0 0 0 10  8  3        9  9  0      484233803360713049    63.0   57.0
 11 5225.829290 1.295E-29 1.108E-04.03910.315 2225.46910.570.002290          0 3 0          0 0 0 10  8  2        9  9  1      484233803360713049    21.0   19.0
 11 5225.921568 4.385E-24 1.980E+01.10650.456 1693.65000.76-.003350          0 2 1          0 1 0  1  1  0        2  1  1      464523307294713152     3.0    5.0
 11 5225.932816 1.148E-30 3.319E-01.08210.352 4553.27350.70-.020670          1 1 1          0 0 1  8  2  6        7  3  5      432230807294713152    51.0   45.0
 11 5226.138384 1.355E-26 7.511E-05.08290.352  842.35660.75-.002770          0 3 0          0 0 0  6  6  1        7  3  4      454223803360713049    39.0   45.0
 11 5226.351324 4.013E-21 7.859E+00.08700.457  326.62550.68-.007000          0 1 1          0 0 0  4  1  4        5  1  5      466520307277733138     9.0   11.0
 11 5226.503450 1.561E-30 2.046E-05.08950.391 2406.14300.74-.010330          2 0 0          0 1 0  5  2  3        5  5  0      432230807294713152    33.0   33.0
 11 5226.544577 1.473E-30 2.214E-03.08850.412 3381.70420.720.005050          0 5 0          0 2 0  5  4  1        4  1  4      332230807294713152    33.0   27.0
 11 5226.745233 2.376E-30 2.084E-03.07940.298 3383.26540.73-.038310          0 0 2          0 1 0  9  2  7       10  5  6      432230807294713152    57.0   63.0
 11 5226.761841 1.916E-29 4.657E-08.07810.371  446.69660.670.000000          1 1 0          0 0 0  6  0  6        6  0  6     q4222308079917122 0    13.0   13.0
 11 5226.863787 5.298E-30 6.475E-02.07800.265 3738.54320.730.020000          0 2 1          0 1 0 11  5  6       12  3  9      432230807294713152    23.0   25.0
 11 5226.976837 2.001E-29 3.031E-08.08870.412  222.05280.710.000000          1 1 0          0 0 0  3  2  2        4  0  4     q4222308079917122 0     7.0    9.0
 11 5227.056915 5.487E-29 4.458E-08.07810.371  447.25240.670.000000          1 1 0          0 0 0  6  1  6        6  1  6     q4322308079917122 0    39.0   39.0
 11 5227.123132 1.982E-30 2.711E-01.08750.333 4173.22570.720.003330          1 3 0          0 2 0  8  3  5        8  2  6      332230807294713152    17.0   17.0
 11 5227.329620 1.330E-29 6.337E-02.09520.434 3299.99100.720.003580          1 3 0          0 2 0  3  2  2        3  1  3      434243807294713152     7.0    7.0
 11 5227.370930 2.463E-29 1.375E-08.09400.434  173.36580.730.000000          0 1 1          0 0 0  2  0  2        3  1  2     q5222308079917122 0    15.0   21.0
 11 5227.492987 8.876E-29 3.881E-01.08860.412 3375.29790.700.001310          1 3 0          0 2 0  5  1  5        4  0  4      434243807294713152    11.0    9.0
 11 5227.588603 1.491E-30 1.377E-02.02260.235 3939.83180.13-.031450          2 0 0          0 1 0 13  1 12       14  2 13      432230807294713152    81.0   87.0
 11 5227.699422 5.621E-27 6.939E-02.08140.391 2126.40760.69-.004960          1 2 0          0 1 0  4  4  0        5  3  3      434223807294713152     9.0   11.0
 11 5227.798691 1.515E-24 1.227E-03.09800.391  446.51070.73-.016000          1 1 0          0 0 0  6  1  6        5  2  3      465720307277713138    39.0   33.0
 11 5227.889127 2.657E-26 2.235E-04.06910.333 1006.11590.61-.017060          0 1 1          0 0 0  9  1  9        8  3  6      464223807294713152    57.0   51.0
 11 5227.947629 7.828E-23 2.972E-01.09000.364  503.96810.72-.014650          0 1 1          0 0 0  5  1  4        5  3  3      466320307294733152    11.0   11.0
 11 5228.202286 7.701E-27 1.921E+01.09500.434 3392.74930.73-.006040          0 3 1          0 2 0  3  2  2        3  2  1      434223807294713152    21.0   21.0
 11 5228.210077 1.820E-30 8.311E-02.02730.221 4283.30810.30-.023190          1 1 0          0 0 0 14 11  4       15 10  5      332230807294713152    87.0   93.0
 11 5228.414169 9.300E-23 2.382E-01.07600.324  648.97870.65-.007000          1 1 0          0 0 0  5  4  1        6  3  4      463321307277733138    33.0   39.0
 11 5228.435773 2.503E-30 1.211E+00.06820.352 4658.97470.59-.023780          2 1 0          0 0 1  8  4  5        7  4  4      432230807294713152    51.0   45.0
 11 5228.610681 1.506E-28 6.240E+00.09290.434 3796.53970.72-.001240          1 1 1          1 0 0  4  1  4        3  1  3      434233807294713152     9.0    7.0
 11 5228.778323 3.765E-30 4.517E-08.06460.315 1079.07960.600.000000          1 1 0          0 0 0  9  1  8        9  1  8     q4322308079917122 0    57.0   57.0
 11 5228.810478 1.512E-22 5.871E-01.08120.399  542.90580.67-.003720          0 1 1          0 0 0  6  1  6        6  1  5      464420307267663136    13.0   13.0
 11 5228.895810 1.493E-28 4.799E+00.10320.456 3849.38530.75-.006870          0 1 2          0 0 1  2  1  2        2  1  1      334233807294713152    15.0   15.0
 11 5228.946293 2.240E-27 7.342E-05.06690.315 1080.38540.600.007940          0 3 0          0 0 0 10  3  7        9  2  8      434223803360713049    21.0   19.0
 11 5228.947650 1.093E-30 1.077E-02.03020.195 4017.90830.320.003920          0 1 1          0 0 0 18  2 16       17  4 13      432230807294713152   111.0  105.0
 11 5229.202845 6.455E-30 5.967E-06.05560.235 2073.51560.610.000240          0 0 1          0 0 0 15  7  9       14  1 14      432230807260713049    93.0   87.0
 11 5229.208476 1.173E-28 4.996E+00.10370.456 3750.46450.76-.003620          1 1 1          1 0 0  3  1  2        2  1  1      434233807294713152     7.0    5.0
 11 5229.233779 1.306E-30 5.744E-01.05960.371 4613.57320.55-.021180          2 1 0          0 0 1  7  5  2        6  5  1      332230807294713152    45.0   39.0
 11 5229.256705 1.818E-30 1.566E-05.04850.298 2471.25500.56-.002450          0 1 1          0 0 0 11  7  5       10  9  2      432230807294713152    69.0   63.0
 11 5229.341662 1.472E-27 1.595E-02.06320.235 2551.48350.61-.009300          1 1 0          0 0 0 13  4  9       14  3 12      434223807294713152    81.0   87.0
 11 5229.422157 7.814E-25 2.661E-02.07500.298 1293.63410.680.002000          1 1 0          0 0 0  9  3  6       10  2  9      464620307277713138    57.0   63.0
 11 5229.486246 9.204E-29 4.891E-08.08330.391  325.34790.690.000000          1 1 0          0 0 0  5  0  5        5  0  5     q4322308079917122 0    33.0   33.0
 11 5229.588062 1.941E-30 6.459E-01.06660.371 4526.71990.59-.014090          0 1 2          1 0 0  6  4  3        6  5  2      332230807294713152    39.0   39.0
 11 5229.634381 9.721E-30 3.452E-01.06750.371 4095.80320.55-.005110          2 1 0          1 0 0  7  0  7        6  1  6      432230807294713152    45.0   39.0
 11 5229.757803 9.818E-23 5.031E-02.09800.448  224.83840.74-.004000          1 1 0          0 0 0  3  2  1        4  1  4      465420307277733138    21.0   27.0
 11 5229.811831 5.609E-30 7.970E-04.06240.371 2733.96290.63-.000100          1 2 0          0 1 0  7  5  3        6  6  0      432230807294713152    15.0   13.0
 11 5229.902427 2.290E-30 4.455E-01.06920.391 4381.90400.64-.006600          0 1 2          1 0 0  5  4  1        5  5  0      332230807294713152    33.0   33.0
 11 5229.968441 1.701E-29 8.057E-04.06300.371 2733.96260.630.000350          1 2 0          0 1 0  7  5  2        6  6  1      434223807294713152    45.0   39.0
 11 5230.058992 2.722E-29 4.368E-08.08330.391  326.62550.690.000000          1 1 0          0 0 0  5  1  5        5  1  5     q4222308079917122 0    11.0   11.0
 11 5230.061477 3.408E-30 1.062E-01.07420.250 4174.03860.63-.000300          1 0 1          0 1 0 12  4  8       13  4  9      432230807294713152    75.0   81.0
